Name	Orientation	Spatial Freq.	Temporal Freq.	Value
V1'0	0	0.025	1	0
V1'1	0	0.025	2	0
V1'2	0	0.025	4	0
V1'3	0	0.025	8	0
V1'4	0	0.05	1	0
V1'5	0	0.05	2	0.0695568
V1'6	0	0.05	4	0
V1'7	0	0.05	8	0
V1'8	0	0.1	1	0
V1'9	0	0.1	2	0.00875933
V1'10	0	0.1	4	0
V1'11	0	0.1	8	0
V1'12	0	0.2	1	0
V1'13	0	0.2	2	0
V1'14	0	0.2	4	0
V1'15	0	0.2	8	0
V1'16	11.25	0.025	1	0
V1'17	11.25	0.025	2	0
V1'18	11.25	0.025	4	0
V1'19	11.25	0.025	8	0
V1'20	11.25	0.05	1	0
V1'21	11.25	0.05	2	0.0329317
V1'22	11.25	0.05	4	0
V1'23	11.25	0.05	8	0
V1'24	11.25	0.1	1	0
V1'25	11.25	0.1	2	0.0186336
V1'26	11.25	0.1	4	0
V1'27	11.25	0.1	8	0
V1'28	11.25	0.2	1	0
V1'29	11.25	0.2	2	0
V1'30	11.25	0.2	4	0
V1'31	11.25	0.2	8	0
V1'32	22.5	0.025	1	0
V1'33	22.5	0.025	2	0
V1'34	22.5	0.025	4	0
V1'35	22.5	0.025	8	0
V1'36	22.5	0.05	1	0
V1'37	22.5	0.05	2	0.0146917
V1'38	22.5	0.05	4	0
V1'39	22.5	0.05	8	0
V1'40	22.5	0.1	1	0
V1'41	22.5	0.1	2	0.045956
V1'42	22.5	0.1	4	0
V1'43	22.5	0.1	8	0
V1'44	22.5	0.2	1	0
V1'45	22.5	0.2	2	0
V1'46	22.5	0.2	4	0
V1'47	22.5	0.2	8	0
V1'48	33.75	0.025	1	0
V1'49	33.75	0.025	2	0
V1'50	33.75	0.025	4	0
V1'51	33.75	0.025	8	0
V1'52	33.75	0.05	1	0
V1'53	33.75	0.05	2	0.0079018
V1'54	33.75	0.05	4	0
V1'55	33.75	0.05	8	0
V1'56	33.75	0.1	1	0
V1'57	33.75	0.1	2	0.108502
V1'58	33.75	0.1	4	0
V1'59	33.75	0.1	8	0
V1'60	33.75	0.2	1	0
V1'61	33.75	0.2	2	0
V1'62	33.75	0.2	4	0
V1'63	33.75	0.2	8	0
V1'64	45	0.025	1	0
V1'65	45	0.025	2	0
V1'66	45	0.025	4	0
V1'67	45	0.025	8	0
V1'68	45	0.05	1	0
V1'69	45	0.05	2	0.00875933
V1'70	45	0.05	4	0
V1'71	45	0.05	8	0
V1'72	45	0.1	1	0
V1'73	45	0.1	2	0.23126
V1'74	45	0.1	4	0
V1'75	45	0.1	8	0
V1'76	45	0.2	1	0
V1'77	45	0.2	2	0
V1'78	45	0.2	4	0
V1'79	45	0.2	8	0
V1'80	56.25	0.025	1	0
V1'81	56.25	0.025	2	0
V1'82	56.25	0.025	4	0
V1'83	56.25	0.025	8	0
V1'84	56.25	0.05	1	0
V1'85	56.25	0.05	2	0.0186336
V1'86	56.25	0.05	4	0
V1'87	56.25	0.05	8	0
V1'88	56.25	0.1	1	0
V1'89	56.25	0.1	2	0.430599
V1'90	56.25	0.1	4	0
V1'91	56.25	0.1	8	0
V1'92	56.25	0.2	1	0
V1'93	56.25	0.2	2	0
V1'94	56.25	0.2	4	0
V1'95	56.25	0.2	8	0
V1'96	67.5	0.025	1	0
V1'97	67.5	0.025	2	0
V1'98	67.5	0.025	4	0
V1'99	67.5	0.025	8	0
V1'100	67.5	0.05	1	0
V1'101	67.5	0.05	2	0.045956
V1'102	67.5	0.05	4	0
V1'103	67.5	0.05	8	0
V1'104	67.5	0.1	1	0
V1'105	67.5	0.1	2	0.68347
V1'106	67.5	0.1	4	0
V1'107	67.5	0.1	8	0
V1'108	67.5	0.2	1	0
V1'109	67.5	0.2	2	0
V1'110	67.5	0.2	4	0
V1'111	67.5	0.2	8	0
V1'112	78.75	0.025	1	0
V1'113	78.75	0.025	2	0
V1'114	78.75	0.025	4	0
V1'115	78.75	0.025	8	0
V1'116	78.75	0.05	1	0
V1'117	78.75	0.05	2	0.108502
V1'118	78.75	0.05	4	0
V1'119	78.75	0.05	8	0
V1'120	78.75	0.1	1	0
V1'121	78.75	0.1	2	0.908412
V1'122	78.75	0.1	4	0
V1'123	78.75	0.1	8	0
V1'124	78.75	0.2	1	0
V1'125	78.75	0.2	2	0
V1'126	78.75	0.2	4	0
V1'127	78.75	0.2	8	0
V1'128	90	0.025	1	0
V1'129	90	0.025	2	0
V1'130	90	0.025	4	0
V1'131	90	0.025	8	0
V1'132	90	0.05	1	0
V1'133	90	0.05	2	0.23126
V1'134	90	0.05	4	0
V1'135	90	0.05	8	0
V1'136	90	0.1	1	0
V1'137	90	0.1	2	1.00001
V1'138	90	0.1	4	0
V1'139	90	0.1	8	0
V1'140	90	0.2	1	0
V1'141	90	0.2	2	0
V1'142	90	0.2	4	0
V1'143	90	0.2	8	0
V1'144	101.25	0.025	1	0
V1'145	101.25	0.025	2	0
V1'146	101.25	0.025	4	0
V1'147	101.25	0.025	8	0
V1'148	101.25	0.05	1	0
V1'149	101.25	0.05	2	0.430599
V1'150	101.25	0.05	4	0
V1'151	101.25	0.05	8	0
V1'152	101.25	0.1	1	0
V1'153	101.25	0.1	2	0.908412
V1'154	101.25	0.1	4	0
V1'155	101.25	0.1	8	0
V1'156	101.25	0.2	1	0
V1'157	101.25	0.2	2	0
V1'158	101.25	0.2	4	0
V1'159	101.25	0.2	8	0
V1'160	112.5	0.025	1	0
V1'161	112.5	0.025	2	0
V1'162	112.5	0.025	4	0
V1'163	112.5	0.025	8	0
V1'164	112.5	0.05	1	0
V1'165	112.5	0.05	2	0.68347
V1'166	112.5	0.05	4	0
V1'167	112.5	0.05	8	0
V1'168	112.5	0.1	1	0
V1'169	112.5	0.1	2	0.68347
V1'170	112.5	0.1	4	0
V1'171	112.5	0.1	8	0
V1'172	112.5	0.2	1	0
V1'173	112.5	0.2	2	0
V1'174	112.5	0.2	4	0
V1'175	112.5	0.2	8	0
V1'176	123.75	0.025	1	0
V1'177	123.75	0.025	2	0
V1'178	123.75	0.025	4	0
V1'179	123.75	0.025	8	0
V1'180	123.75	0.05	1	0
V1'181	123.75	0.05	2	0.908412
V1'182	123.75	0.05	4	0
V1'183	123.75	0.05	8	0
V1'184	123.75	0.1	1	0
V1'185	123.75	0.1	2	0.430599
V1'186	123.75	0.1	4	0
V1'187	123.75	0.1	8	0
V1'188	123.75	0.2	1	0
V1'189	123.75	0.2	2	0
V1'190	123.75	0.2	4	0
V1'191	123.75	0.2	8	0
V1'192	135	0.025	1	0
V1'193	135	0.025	2	0
V1'194	135	0.025	4	0
V1'195	135	0.025	8	0
V1'196	135	0.05	1	0
V1'197	135	0.05	2	1.00001
V1'198	135	0.05	4	0
V1'199	135	0.05	8	0
V1'200	135	0.1	1	0
V1'201	135	0.1	2	0.23126
V1'202	135	0.1	4	0
V1'203	135	0.1	8	0
V1'204	135	0.2	1	0
V1'205	135	0.2	2	0
V1'206	135	0.2	4	0
V1'207	135	0.2	8	0
V1'208	146.25	0.025	1	0
V1'209	146.25	0.025	2	0
V1'210	146.25	0.025	4	0
V1'211	146.25	0.025	8	0
V1'212	146.25	0.05	1	0
V1'213	146.25	0.05	2	0.908412
V1'214	146.25	0.05	4	0
V1'215	146.25	0.05	8	0
V1'216	146.25	0.1	1	0
V1'217	146.25	0.1	2	0.108502
V1'218	146.25	0.1	4	0
V1'219	146.25	0.1	8	0
V1'220	146.25	0.2	1	0
V1'221	146.25	0.2	2	0
V1'222	146.25	0.2	4	0
V1'223	146.25	0.2	8	0
V1'224	157.5	0.025	1	0
V1'225	157.5	0.025	2	0
V1'226	157.5	0.025	4	0
V1'227	157.5	0.025	8	0
V1'228	157.5	0.05	1	0
V1'229	157.5	0.05	2	0.68347
V1'230	157.5	0.05	4	0
V1'231	157.5	0.05	8	0
V1'232	157.5	0.1	1	0
V1'233	157.5	0.1	2	0.045956
V1'234	157.5	0.1	4	0
V1'235	157.5	0.1	8	0
V1'236	157.5	0.2	1	0
V1'237	157.5	0.2	2	0
V1'238	157.5	0.2	4	0
V1'239	157.5	0.2	8	0
V1'240	168.75	0.025	1	0
V1'241	168.75	0.025	2	0
V1'242	168.75	0.025	4	0
V1'243	168.75	0.025	8	0
V1'244	168.75	0.05	1	0
V1'245	168.75	0.05	2	0.430599
V1'246	168.75	0.05	4	0
V1'247	168.75	0.05	8	0
V1'248	168.75	0.1	1	0
V1'249	168.75	0.1	2	0.0186336
V1'250	168.75	0.1	4	0
V1'251	168.75	0.1	8	0
V1'252	168.75	0.2	1	0
V1'253	168.75	0.2	2	0
V1'254	168.75	0.2	4	0
V1'255	168.75	0.2	8	0
V1'256	180	0.025	1	0
V1'257	180	0.025	2	0
V1'258	180	0.025	4	0
V1'259	180	0.025	8	0
V1'260	180	0.05	1	0
V1'261	180	0.05	2	0.23126
V1'262	180	0.05	4	0
V1'263	180	0.05	8	0
V1'264	180	0.1	1	0
V1'265	180	0.1	2	0.00875933
V1'266	180	0.1	4	0
V1'267	180	0.1	8	0
V1'268	180	0.2	1	0
V1'269	180	0.2	2	0
V1'270	180	0.2	4	0
V1'271	180	0.2	8	0
V1'272	191.25	0.025	1	0
V1'273	191.25	0.025	2	0
V1'274	191.25	0.025	4	0
V1'275	191.25	0.025	8	0
V1'276	191.25	0.05	1	0
V1'277	191.25	0.05	2	0.108502
V1'278	191.25	0.05	4	0
V1'279	191.25	0.05	8	0
V1'280	191.25	0.1	1	0
V1'281	191.25	0.1	2	0.0079018
V1'282	191.25	0.1	4	0
V1'283	191.25	0.1	8	0
V1'284	191.25	0.2	1	0
V1'285	191.25	0.2	2	0
V1'286	191.25	0.2	4	0
V1'287	191.25	0.2	8	0
V1'288	202.5	0.025	1	0
V1'289	202.5	0.025	2	0
V1'290	202.5	0.025	4	0
V1'291	202.5	0.025	8	0
V1'292	202.5	0.05	1	0
V1'293	202.5	0.05	2	0.045956
V1'294	202.5	0.05	4	0
V1'295	202.5	0.05	8	0
V1'296	202.5	0.1	1	0
V1'297	202.5	0.1	2	0.0146917
V1'298	202.5	0.1	4	0
V1'299	202.5	0.1	8	0
V1'300	202.5	0.2	1	0
V1'301	202.5	0.2	2	0
V1'302	202.5	0.2	4	0
V1'303	202.5	0.2	8	0
V1'304	213.75	0.025	1	0
V1'305	213.75	0.025	2	0
V1'306	213.75	0.025	4	0
V1'307	213.75	0.025	8	0
V1'308	213.75	0.05	1	0
V1'309	213.75	0.05	2	0.0186336
V1'310	213.75	0.05	4	0
V1'311	213.75	0.05	8	0
V1'312	213.75	0.1	1	0
V1'313	213.75	0.1	2	0.0329317
V1'314	213.75	0.1	4	0
V1'315	213.75	0.1	8	0
V1'316	213.75	0.2	1	0
V1'317	213.75	0.2	2	0
V1'318	213.75	0.2	4	0
V1'319	213.75	0.2	8	0
V1'320	225	0.025	1	0
V1'321	225	0.025	2	0
V1'322	225	0.025	4	0
V1'323	225	0.025	8	0
V1'324	225	0.05	1	0
V1'325	225	0.05	2	0.00875933
V1'326	225	0.05	4	0
V1'327	225	0.05	8	0
V1'328	225	0.1	1	0
V1'329	225	0.1	2	0.0695568
V1'330	225	0.1	4	0
V1'331	225	0.1	8	0
V1'332	225	0.2	1	0
V1'333	225	0.2	2	0
V1'334	225	0.2	4	0
V1'335	225	0.2	8	0
V1'336	236.25	0.025	1	0
V1'337	236.25	0.025	2	0
V1'338	236.25	0.025	4	0
V1'339	236.25	0.025	8	0
V1'340	236.25	0.05	1	0
V1'341	236.25	0.05	2	0.0079018
V1'342	236.25	0.05	4	0
V1'343	236.25	0.05	8	0
V1'344	236.25	0.1	1	0
V1'345	236.25	0.1	2	0.129276
V1'346	236.25	0.1	4	0
V1'347	236.25	0.1	8	0
V1'348	236.25	0.2	1	0
V1'349	236.25	0.2	2	0
V1'350	236.25	0.2	4	0
V1'351	236.25	0.2	8	0
V1'352	247.5	0.025	1	0
V1'353	247.5	0.025	2	0
V1'354	247.5	0.025	4	0
V1'355	247.5	0.025	8	0
V1'356	247.5	0.05	1	0
V1'357	247.5	0.05	2	0.0146917
V1'358	247.5	0.05	4	0
V1'359	247.5	0.05	8	0
V1'360	247.5	0.1	1	0
V1'361	247.5	0.1	2	0.205101
V1'362	247.5	0.1	4	0
V1'363	247.5	0.1	8	0
V1'364	247.5	0.2	1	0
V1'365	247.5	0.2	2	0
V1'366	247.5	0.2	4	0
V1'367	247.5	0.2	8	0
V1'368	258.75	0.025	1	0
V1'369	258.75	0.025	2	0
V1'370	258.75	0.025	4	0
V1'371	258.75	0.025	8	0
V1'372	258.75	0.05	1	0
V1'373	258.75	0.05	2	0.0329317
V1'374	258.75	0.05	4	0
V1'375	258.75	0.05	8	0
V1'376	258.75	0.1	1	0
V1'377	258.75	0.1	2	0.272569
V1'378	258.75	0.1	4	0
V1'379	258.75	0.1	8	0
V1'380	258.75	0.2	1	0
V1'381	258.75	0.2	2	0
V1'382	258.75	0.2	4	0
V1'383	258.75	0.2	8	0
V1'384	270	0.025	1	0
V1'385	270	0.025	2	0
V1'386	270	0.025	4	0
V1'387	270	0.025	8	0
V1'388	270	0.05	1	0
V1'389	270	0.05	2	0.0695568
V1'390	270	0.05	4	0
V1'391	270	0.05	8	0
V1'392	270	0.1	1	0
V1'393	270	0.1	2	0.300045
V1'394	270	0.1	4	0
V1'395	270	0.1	8	0
V1'396	270	0.2	1	0
V1'397	270	0.2	2	0
V1'398	270	0.2	4	0
V1'399	270	0.2	8	0
V1'400	281.25	0.025	1	0
V1'401	281.25	0.025	2	0
V1'402	281.25	0.025	4	0
V1'403	281.25	0.025	8	0
V1'404	281.25	0.05	1	0
V1'405	281.25	0.05	2	0.129276
V1'406	281.25	0.05	4	0
V1'407	281.25	0.05	8	0
V1'408	281.25	0.1	1	0
V1'409	281.25	0.1	2	0.272569
V1'410	281.25	0.1	4	0
V1'411	281.25	0.1	8	0
V1'412	281.25	0.2	1	0
V1'413	281.25	0.2	2	0
V1'414	281.25	0.2	4	0
V1'415	281.25	0.2	8	0
V1'416	292.5	0.025	1	0
V1'417	292.5	0.025	2	0
V1'418	292.5	0.025	4	0
V1'419	292.5	0.025	8	0
V1'420	292.5	0.05	1	0
V1'421	292.5	0.05	2	0.205101
V1'422	292.5	0.05	4	0
V1'423	292.5	0.05	8	0
V1'424	292.5	0.1	1	0
V1'425	292.5	0.1	2	0.205101
V1'426	292.5	0.1	4	0
V1'427	292.5	0.1	8	0
V1'428	292.5	0.2	1	0
V1'429	292.5	0.2	2	0
V1'430	292.5	0.2	4	0
V1'431	292.5	0.2	8	0
V1'432	303.75	0.025	1	0
V1'433	303.75	0.025	2	0
V1'434	303.75	0.025	4	0
V1'435	303.75	0.025	8	0
V1'436	303.75	0.05	1	0
V1'437	303.75	0.05	2	0.272569
V1'438	303.75	0.05	4	0
V1'439	303.75	0.05	8	0
V1'440	303.75	0.1	1	0
V1'441	303.75	0.1	2	0.129276
V1'442	303.75	0.1	4	0
V1'443	303.75	0.1	8	0
V1'444	303.75	0.2	1	0
V1'445	303.75	0.2	2	0
V1'446	303.75	0.2	4	0
V1'447	303.75	0.2	8	0
V1'448	315	0.025	1	0
V1'449	315	0.025	2	0
V1'450	315	0.025	4	0
V1'451	315	0.025	8	0
V1'452	315	0.05	1	0
V1'453	315	0.05	2	0.300045
V1'454	315	0.05	4	0
V1'455	315	0.05	8	0
V1'456	315	0.1	1	0
V1'457	315	0.1	2	0.0695568
V1'458	315	0.1	4	0
V1'459	315	0.1	8	0
V1'460	315	0.2	1	0
V1'461	315	0.2	2	0
V1'462	315	0.2	4	0
V1'463	315	0.2	8	0
V1'464	326.25	0.025	1	0
V1'465	326.25	0.025	2	0
V1'466	326.25	0.025	4	0
V1'467	326.25	0.025	8	0
V1'468	326.25	0.05	1	0
V1'469	326.25	0.05	2	0.272569
V1'470	326.25	0.05	4	0
V1'471	326.25	0.05	8	0
V1'472	326.25	0.1	1	0
V1'473	326.25	0.1	2	0.0329317
V1'474	326.25	0.1	4	0
V1'475	326.25	0.1	8	0
V1'476	326.25	0.2	1	0
V1'477	326.25	0.2	2	0
V1'478	326.25	0.2	4	0
V1'479	326.25	0.2	8	0
V1'480	337.5	0.025	1	0
V1'481	337.5	0.025	2	0
V1'482	337.5	0.025	4	0
V1'483	337.5	0.025	8	0
V1'484	337.5	0.05	1	0
V1'485	337.5	0.05	2	0.205101
V1'486	337.5	0.05	4	0
V1'487	337.5	0.05	8	0
V1'488	337.5	0.1	1	0
V1'489	337.5	0.1	2	0.0146917
V1'490	337.5	0.1	4	0
V1'491	337.5	0.1	8	0
V1'492	337.5	0.2	1	0
V1'493	337.5	0.2	2	0
V1'494	337.5	0.2	4	0
V1'495	337.5	0.2	8	0
V1'496	348.75	0.025	1	0
V1'497	348.75	0.025	2	0
V1'498	348.75	0.025	4	0
V1'499	348.75	0.025	8	0
V1'500	348.75	0.05	1	0
V1'501	348.75	0.05	2	0.129276
V1'502	348.75	0.05	4	0
V1'503	348.75	0.05	8	0
V1'504	348.75	0.1	1	0
V1'505	348.75	0.1	2	0.0079018
V1'506	348.75	0.1	4	0
V1'507	348.75	0.1	8	0
V1'508	348.75	0.2	1	0
V1'509	348.75	0.2	2	0
V1'510	348.75	0.2	4	0
V1'511	348.75	0.2	8	0
